 355934  37735 968741 107465 800642
  78155 495634 746343 653258 716358
 454146  66248 348034 248819  83678
  52134 842713 607454 909044 379401
 932934 152622 243745 989752 527633
 883309 935772 223416 186226 300332
 355683 450334 667534 862435 295740
 331439 444506 331374 685484 415773
 346845 454474 453580 264625  33177
 233401 612309 161726 227479 391749
 542772 584081 752375 600953 621108
 474414  30825 356503 491007 431274
 163780 572156  50856 187718 216691
 334411 151996 992263 627303 491255
 437057 847086  60635 811532 845422
 395974 562664 370313 985918 336839
 177581 975600 788800 446104 734892
 290777 258806 261017 496946 434935
 335971 895099 699042 281067 848188
 773708  80896 814859  85820 779535
 196404 624898 122992 143692 656861
 590904 602494 970525 863582 665804
 597604 510864 635421 718910 913218
  32346  89155 172327 459355  87852
 824001 400636 672350 250574 401980
 182814 105053 997779 691929 607170
 362650 423338 351908   1168 491621
 170173 668361 506954 864447 622900
 370674 654528 325554 207436 975813
 986372 274423 327178 869951 286935
 173591 284483 161254 900933 643567
 406351 832618 416961 754448  16872
 256683 459551 136018 951749 376560
 161743 163239 134449 403261 279988
 283798 240427  83135 560301 522040
 725224 478451 563379 491268 161285
  28489 179272  22060 903358  18809
 219207 237146 745949 760464 814116
 951593 205850 873622 873962 625057
   6906 589443 277575 229754 766164
 916839 669642  61742 990293 294009
 920370 336575 684704 104809 452653
 236365 290610 269220 962980 798659
  99025 362412 830731 217109 748374
 673248 331924 653252 145652 471906
 399334 863194 525460 182944 319360
 790463 863180 685033 735226 975017
 759274 854500 594095 534401 995884
 689205 208965 184668 343883 769798
 922828 667750 781594 946717 865310
 380881 921098 890101 671480 757161
 504900 286547 431425 484936 104512
 369270  94266 978602 256555 953495
 372461 474063 949494 850714 437403
 224054 763399 736562 114806 366072
 550034  60185 551629 554970  77406
 270082  37366 643483  99378 817294
 873245 398282  62004 193629 260987
 732885 129709  28458 699385   3436
 765941 864586 225169 827379 954941
 538023 841163 931087 464665 268613
 845617 226112 649148 912363 533773
 877730 130929 644803 192278 413339
 848087 917812  96036 507797 930467
  22162 177016 704376 793513 658676
 368838 727618 828448 467736 183743
 768104 508467 412280 326614 300783
 346310 209963 404054 480055  51332
 282433 289780 649965 253628 325892
 824121 166596 864197 192555  92378
 559465 231458 800454 894638  62813
  48513 566160 410710 900847 732532
 984238 295015  90464 829788 779076
 705632  65166  82921 702663 496849
 657161 404125 874251 415122 874203
 605407 280747 481670 347985 216912
 987842 679458 372961 651989 668044
 851361 286838 274262 914093 505078
 362513 526092 645360 929033 323703
 133793 282534 978514 321115 992445
 443157 167263 739071 619324 222744
 627891 818279 220227 694773 550016
 420028 336644 104009 210855 647975
 549200 901003 288544 431907 776120
  44982 548882  84294 917851 721633
 269508 381649  43917  29110 604761
 180585 756101 282373 284580 356556
 294584 463894 474728 945539 411390
 368473 101405 894544 666148 609542
 962583 311463 731842 795053  52116
 967852 778719 528613  60829 714404
 904072 505003 713830  13783 945312
 133980 980070 942224 693079 113170
 339865 190488  69432 113017  24843
 840936 462241 388448 302485  90821
 438341 377879 519622 792099 301519
 507380 615697  68190 226365 196894
 623412  53700 833530 171641 540801
 593819 860842   8506 776418  86019
 115682  83287 360410 871628 332091
 804437 646871 286507 581810 422191
 470911 249110 998342 553220 378030
 387075 157552 814364 901471 750595
 610139 485948 228349 578151 564571
 923740  82477 739454 452030  53744
 259011 776560 479010 734665 652529
 966604 900816 740512 448173 774322
 101187 793343 292317 853420 533811
 576598 709133 565113 817266 199978
 323444 301743 239296  34815 716903
 247428 432902 294197 360731 489037
 918326 630806 512122 603620 697063
  83946 111513 135845 928584 314905
 697003 572078 213260 908936 930742
 543712 683094 174800 344949 557517
 143884 463901 533019 723070 295483
 222456 714602  53003  29503 930437
  13304 628840 603079  57994 416446
 239272 191077 915523 441914 205974
 254346 448483 891741 999208 172695
  85905 206699 840859 590786  79624
 588340 346754 777288 150368 406104
 727210 674882 943104 795563 217730
 125797 507757 330659  59937 965919
 615915 863018 195054 491366 102045
 195005 528235 232642  90652 697208
 680181 162290  70320 907920 285801
 843704 218238 723951 326221 701116
 122376 504147 508825 914819 289216
 601172 373614 695915 406617 228084
 363939 723807 707760 670431 224022
 442926 664327 925191 783015 503614
 853188 307142 142624 358730 746738
 968125 737508  79480  84464 394755
 176934 624947 687806 550099 490765
 649153 763060  79448   9893 451550
 110632 831526 924311  79719 535099
  97857 642075 167696 449752  71822
 505748 594087 438998 566251 375181
 163139 184706 896807 549545 539925
 389501 436719 603190 434326 734040
 788904 738221  33738 205200  32407
 342295 266269  57893  23505 274145
 511724 966777 133393 391044 510501
 896550 787277 853239 347156 856557
 736654 901988 342464 176132 238332
 588290 649074 908596 456996 280683
 479841  17503 759163 522586 222141
 168130 967866 588704  10669  72678
 505185 556980  54515 496641 143373
 482872 605475 640426 374739 279915
 519901 300102 142756 762690 254375
 400537 528010 731765 240043 794497
 738997 725198 894585 842854 358201
  41086 621393 157463 225361 489118
 734821 585563  15368 132215 914302
 255478 450250 255071 492550 393912
 713838  55899 376989 335677 380987
 632322 465630  10244 953950 156291
 569484 908592 429065 193984 204244
 785792 688075 733376 899155 389363
 389018 440605 913450 446564 186787
 145889 828816 376398 495714 723184
 974825 333839 927644 711838 319514
 328353 193730 633484 734416 769326
 907461   3258 716810 878246 856187
 176189 471669 216109 914723 703771
 463981 629698 940750  31592 757656
 414335 580473 768947 211772 239779
 863460 912229  15722 417956 459620
 391574 101742 404002  11309 577871
 297125 802951 710015 799915 158798
  43323 294987 641069 431113 827394
 761712 670555 812725 256294  56608
 757027 858488 124330 323216  16466
  73758 487779 456343 184822 503260
 806208 735014 592079 667378 430316
 549595 427540 573519  95589 383181
 938078 278991 381414 639900 281746
 746616 707516 448497 294230 313546
 787673  28309 859490 497764 225800
 209069 328110  12139 946327 308674
 375733   6372 113824 630288 396670
 906158 629014 167123 857644 721979
 281633 698181 932337 729858 195087
 932648 667741 797186 319011 327436
 129126 296152 776162 616152   2347
 948884  33018 406431 854529 615305
 746980 111921 305304 869187 920686
 295215 789509 592031 111249 780498
 649026 775782 240697 407745 257226
 916408 532255 212756 471963 255909
 422581 331748 886205 744693 903633
 778948 491397 990879 387399 192400
 985013 150913 846634 898125 308873
 832075 983168 337263 635134 708616
 888930 265589 681009 413371 869302
  43029 594959 769448 888104 222683
 345332 813468   6410 312633 219958
 318439 123331 599835 946192 102903
 858063 219878 577341 278310  13126
 621688  64985 429607 923556  88646
 871132 604898 421395 733701 740083
  54303 425897 441810 427204 826093
 318692 980942 273746 398958 382317
 712304 175705 155192 702807 644349
 922194 767989 193279 349679 418713
 544972 149480 502871 268335 938370
 261049 308611 350722 124885 814188
 397212 973047 812362 251676 709511
 477765 328522 408531 864919 661154
 466174 279539 763828 501739 280595
 601236 504676 575175 583379 576790
 870351 811464 633924 333495 241292
 524833 427003 923151  35050 969063
  51694 519993  43404 483113 492871
  93655 214806 675397 912112 551792
 730911 572527 111035 172321 388800
 817844 503749 697216 573170 284491
 890909 744870 292585 341096 122627
  45050 939803 420253  78779 435693
 319064 642629 109551 885534 179371
 224482 953515   1843 934152 714422
   9847 863233 248023 317572  42300
 821538 593009 573930 472528 114162
 330416 671772 516021 412386  61195
 808758 593321 731515 315356 159778
 645024 394208   5516 735307 574589
  40111 120607 238109 640889 423981
 607544 389514  39122 162407 396343
 974259 418001 683952 560639 587690
 634889 314471 772783 136167 398476
 897203 956393 461352 905378 612288
 790824 364313 936229 679166 450421
  51850 436221 855314  15748 923862
 506528 961320 291943 640826 362680
 533799 153005 847893 418560 960203
 558986 355842 504097 777872 117084
 509321 361847 986861 940636  15079
 434257 818840 668723 728613 599860
 174350 896293 116169 525176 548624
 593061 482112 445433   3785 581923
 800496 629317 659849 991228 946354
 744437 691930 589429 127954 911344
 656684 790487 577370  44815 824661
 915716 418234 921006 343840 467300
 893925 213031 632912 345815  26126
 278859 228165 630786 837108 780898
 291205 139544 801691 443154 194324
 589626 147382  14968 551046 852996
 317484 685146 915234 564081 227963
 383544 842744 682476 154767 426944
  32882 180277 496720 325368 488259
 556176 579905  38723 688347 271950
 433006 636512  16268 199113 763397
 602521 281821 994333 727053 450144
 477317 821120 927589 708003 816993
 342266 120633 105660 124855 899312
 867832 850258 510450 146449 645815
 886220 331603 342437 363779 355144
 997221 469597 283545  76871 337679
  56722 132228 693008 431530 832778
 113846 871089 997755 956388 129139
 276074 753533 922968 355375 567936
 449051 159909 549621 627854 514983
 955749 261175 942108 287051 744759
 112861 280956 983313 302258 173987
 231881 980844 154812 540539 328392
 860598  63837 167895 403467 348452
 857662 147157 892098 675996 375093
 295136 399685 949732 193962 730227
 403389 129773 196973 140951 498060
 315692 276534 504689 319231 735972
 499891 138672 829392 371693 978828
  30723 233982 280575 779414 163457
 673047 323796 579033 255338 502898
 907433 146874 579057 198444  29714
 725998 956593 289312 706284 471899
 193375 346352 162727 935261 497454
 281689 655796 146661 244419 742382
 573259 296210 786070 346575 487660
 452305 562478 909657  45288 692350
 679518 869198 781738 391941 952047
 238927 951909 482476  64889 370964
  93381 914533 112495    897  76346
 102071 701418 353396 899205 613340
 293521 975720 629057 323159 161035
 134806 735962  59054 731783 292502
 874262 762457 989118 121418 724814
 717813 741368 370908 714376 318545
 503011 901895 538498 511470 973876
 585774 525045 310652 955478 903828
 900512 176814 829992 969819 190597
 374426 584224 182194 183219 316105
 404013  39505 981563 438188 862685
 414911 298458  83190 602256 190974
 561618 480711 358675 490331 751158
 847393 776973 652176 267870 445513
 508536 847504 343769 334191 263302
 101899 251239 513197 702225 785904
 643006  83903 246654 866418 585606
 912342 724501 884825 298368  94850
 888771 466790 259001 131720  69871
 857824 939176 996790 293291 512353
 509722 488735 583928 389437 885131
 330386 568892 995622 267515 492506
 549591 556883 412819 752847 194696
 942880 714210 685343 542100 802535
 254167 783711 262751 426339 906700
 226975 868353 969891 307349 868603
 807580 723800 453281 962805 562103
  56712 331686 528036 752879 168693
 306504 953589 529003 998262 260658
 740934  41167 183723  45384 504923
 795398 896895 656574 328711  89029
 178687 684038 190091 351015 961445
 673663 643956 656051 294038 436995
 799810 603661 138302 572226 384495
  99665 578351 930577 922360 261552
 450632 860110 761856 483550 546012
 994409 510841  53475  92648 742308
 144460 217051 338365 971554 968791
 115267 861315 347446  37047 180541
  84822 834082 255475 262922 539522
 702991  74396 436428 298258  17132
 313389 223973 674817 404873 209707
 440924 662752 120621 613623  70337
 108586  27036 286081  58956 108093
 324595 933227 573900 321270  23975
 215372 469972 422114 855723 635069
 256733 986576 409913 956781 745189
 668266 887675 727924 936953 228240
 714224 260416 595302 878210 234212
 735179 329570 702009 365247 424302
   4163 345402 548532 549253 219039
 671887 928251 129944 404614 557878
 485733 805559 174589  43619 470803
 801052 513797 888616 503972 256545
 180999 855097  68661 574112 328692
 154726 386563 720610  33573 391499
 788816 471976 962108 665506  27737
 300756 971820  81790  30184 226897
 734721 919373  62035 392459 262589
 172779 922963 891213 230098 214807
 439156 125197 787437 727900 625304
 271184   1685  16341 107047   8397
   7796 746757  66940 139995 905217
 892597 178191 576334 110647 678462
 486940 361709 871930 115801 187437
 945194 410228  17326 395503 120586
 423374 728262 744137 647763  34961
  41386 827540 394657 529876 268451
 496545 257373 783010 120248 387345
 384393 918142 713457 301857 730562
 774757 663077 917845 867939 222014
 390276 590005 120230 861344 460022
 352127 666807 282717 608468 683201
  86005 969046 496294 242147 769514
 469839 300545 412985  37150 854266
 347963 460136 620386 297089 220819
 864277  84550 371265 974530 923293
 864536 382766 808750 207218 239903
 709701 808934 421597 909756 809906
 561299 406501 903135  17337 694775
 140151 424328  59917 904369 714461
 795393 607295 299229 179818 146063
 976185 309885 785882 301721 209503
 461885 893737 243174 532705 464997
 961861 741146 352057 386247 386007
 469488 794660 646055 975791 334134
 471034 943587 106925 864678 285695
 745178 115804 927416 729582 196022
 296052  39924 386005 717988 116977
 147356 422355 350225 238356 748802
  89147  86122 990591  38695  71019
 762438 772987 931833 852561 151894
 126038 204235 341502 939392 350412
 872964 744076 552420 257311  39293
 665155 456661 890966 958895 638779
 872047 380056 805540 731923 269404
 891419 771371 968082 489741 512241
 234325 504296 270897 682990 198515
 278225 732044  92827 814926 786775
 121887 980968 954431  47183 917959
 752008 849907 128197  66919  11625
 540924 683552 477904 461347 201175
 388477 391707 290290 637002 516830
 181306 573083 297113 728528 144110
 350188 588238 716568 730239 229376
 601680 802958 426907  94185 403608
 543609 506273 923732 507848 939041
 424427 497249 760481 374600 575321
 943979 100060 791340 858667 721247
 707367 431473  95634 317888 630659
 265233 453611 599449 363668  34114
 690504 988280 595793 260249 969782
 140170 365576 270379 457979 887604
 988851 486825 914503 977355 896806
 229178 299915 804371  64862 750527
 601128 685322 241928 688910 797502
 470982 478798 194358 113920 946092
 208281 852266 842124 570697  30050
 944004 447715 564280 250373 117640
 981171 674077 709949 441876 147497
 847375 280368 252052  62898 538348
 287133 669878 935144  65373 256234
 526136 282211 778126 702724 551830
 132837 942916  36676 541037  94294
 235111 986337 473992  50664 279331
   8064  30626 116281 924420 165846
 577043 849526 392107 798530  88671
 763556 887096 210795 206701 233352
 584522    479  38342 315848 815069
 773547 127581 661069 787460 894271
 173811  86358 194536 234456 897934
 720504 535636  95865 275980 669344
 317184 471479 403645 160885 399033
 343984 787652 691581 526300 128802
 381817 883799 661345 614490 574308
  29121 610431 876688 958486 455618
 419749 692717 112387 946607 376997
 831301 961657 892721 833020 118733
 898825 787511  85155 513363 448053
 863275 696079 204003 682956 525272
  99742 639809 285680 259761  72935
  12000 778322  45915 911278 575043
 271857 130388 306066 889688 848420
 846439 395923 546708 914957 293325
 487769 357736 409527 802856 652200
 168774 583531  33523 354926 550524
 425032 775130  82112  53280 735195
 332248 672735 892472 633604 757148
 538545 613132 962130 280456 775980
 282896 647212 494698 584190 429911
 699075 324673  47974 613230 668752
 931700 308175 164033 324282 826469
 480497 175650  81678 829370 624513
  81697 737397 810922 331884  16333
 940376 296419 554156 769393 561945
 539002 959607   2743 737062 142027
  84524 706781 479950 385063  74483
 964725  59118 774044 566925 922863
 982637 186558 178685 182793 404210
 878859 500527 534207 546567 261091
 505783 185730 525869 140201 189591
 918769 730940  10051 216059 849934
 447455 777301 284611   7253 253123
 928039 540646 700938 480894 408472
 173949 530740 774856 363992 197974
  53599 217539 408533 952305 400028
 232918 677163 560286 854713  27212
 468314 203449 307328 823365 143682
 532938 415250 858994 893221 729819
  16550 111313 389891 763157 880286
 114128  73521 664775 185972 436889
 489574 744535 775951 772104 388419
  27831 262820 122717 258172  98701
 564037 622758 341078 185410 799977
 419019 802697 202394 105514 813031
 651201 138495 236223 661406 719029
 573498 668012  21828  63374 798467
 567783 867532   3419 265836 783674
 702710 612496 892937 742843 989841
 765136 475551 286678 765175 236606
  67327 483060 484460 566713 512586
 707157 280400 954497 660974 214746
 492522 448522 135367    102 692228
 514634 229830 185262 649995  49216
 122333 216202 592679 871473 593646
 967201 960311 915042  31906 479270
 453502 105455 952516 661492 396022
 667576 211781  99621 371164 856395
 187573  66642 640862 130735 373453
 200418 482489 199924   2238 349579
 603859 654377 186777 172751 607653
 644303 742253 931813 125592 490307
 553162 140966 294856 300749 430633
 407683 499515 516835 532954 264045
 950186 317102 455649 153182 347308
 921741 500076 375554 463672 882922
 521660  57033  16216 170224 936718
 955209 648707 146084 727738 265937
 934046 304672 909589 105559 170009
  22028 554341 505736 734811 482525
 146916 525382 738615  95483 616639
 371182 335297 393462 578033 804559
 515283 733421   1431 700831 397361
 931562 988036 290844 517023 922887
 406503 758857 620324 907905 218472
 540992 155909 855325 605205 389939
 802308 382822 628772  31782  61213
 324128 685078 198485 213902 713396
 313365 440798 764427 707671 685208
 592970 583690 283629 254789 849178
 558299 229665 106168 182855 507582
 107880 666088 663429 115388 342016
 539623 733471 858642   4037 817678
 278274 955008 266809 102027 776751
 351341 594140 632184 731922 397375
 167639  18098 487629  75311 828669
 863554 511781 830526 736943 927466
 371355  80106 122827 226338 467219
 125001 407331 882612 956543 365041
 561265 871869 765565 960417 791430
 823781 411048 769821 261854 266753
 722678 872293 321911 223137 410122
 321465 797778 880570 726816  46087
 820062 385346 975519 810857 259876
 308384 443185 936449 168458  82040
 594213 796531 184833  29017 665142
 104694 742334 478679 832747 173571
 650137 141324 865704 486225 581794
 985924 458342 416659 396786 979470
 915111 369644 836269 680480 945329
 946894 303624 787376 526855  91410
   6693 380944 300583 478497  10318
 617425  46252 511837  20195 900504
 363458 644678 576780 726523 826403
 496144 815289 325048 598251 472480
 179855 522890 122698 852089  30023
 728393 521239 719138 550472 240110
 741095 658495 924534 894075 493540
  77203 807965 230061 754217   9241
 712666 363224 241588 748358 161746
 552906 684353  34225 413390 450777
 709621 482753 892888 388602 320953
 577126 602161 368440 429781 232077
 241541 443022 818195 582032 635662
 607505 103052 141668 475374 794220
 189082 335090 606062  31642 453403
 545953 867861 378033 235524 446347
 225847 800716 412346 272585 711135
 370616 718361 556889 476146 337216
 342783 771640 164496 773924 505123
 116589 582617 555005   8138 776580
     50 389470 399399 542772 643254
  57618 828619   9728 234499 998997
 255744 484928 257975 426761 503608
 704169 497676 278077 551676 256532
 826609 290329 521644 474732 461025
 140763 731297 150931 579861 510068
 151929 482658 887914 692336 125362
 791453 397668 783723 641673 807916
 488312 974741 999357 296412 720418
 131038 849282 722762 516583 856437
 909190 269010 644611 199261 616898
 657004 962348 789492  57416 393978
 578958 490521 655663 405480 747999
 145536 273267 840867 609512 167981
   6662 623245 869432 747444  12688
 743144 552414 558815 324409 173092
  15165 998012 381546 213567 302072
 465944  69076  22874 886955 134494
 716014 988844 649359 129028 360561
 985148 244846 700051 971183 239128
 726618 970764 537426 406810 696479
  34313 286443  88836 269236 689036
 841896 569335 901316 527959  39504
  32685 384883 525352 525555 142931
 740890  79540 108899 478824 907001
 859416 800430 613528 774004 819176
 363719 189240 670013 172844 842179
  68764 371418 151835 856610 757889
 377290 123961  28110 758486 356848
 992735 983824 486797 970690 973627
 607845 348505 854683 650875 520371
  49128 119609 246563 221829 930442
 976560  78132 730961 424578 140127
 269105 513178 459457 419317 993382
 601047 228214 797750 308132 991714
 436283 264556 806688 452298 679730
 569247 254372 470293 296476 116930
 612950 186325 398418 911382 637504
 811797 681325 345048 789743 751206
 351521 833933 914872 234826 977065
 410099 897569 471459 581580 852881
 328207 566748 962088 151574  17908
 553824 401239 531634 312911  59091
 187071 883743 559932 218053 333984
 687388 910060 222707 457409   2478
 777430 897330 172934 770074 170310
 775111 440377 144848 502256 250948
 752233 196869  97772 519341  99280
 878722 452767  11802 601781 355854
 894178  73410 857694 308785 195416
 901850 257373 853529 171815 481911
 479675 266446 309507 657548 628795
 590651 515839 400878 755005 328576
  34517 522161 138431  26905 494055
 937950 470601 536878 830993 473091
 578223 427164 238674 203637 456892
 468607 807506 786306  46969 335713
 494492 974003 757594 416613 398462
  44328 576990 303657 756880 505200
  93066 190475 192335 423278 832581
 309607 119052 691847 553594 420348
 745169 663556 183769 818656 324952
 373118 176008 756359 958994 386777
 238385 277003 250026 821947 358129
 337475 737489 331057 421149 845131
 191393 687363 627754 885784 529400
 162838  93053 477513 817067 547468
 496080 713521 585813 113494 355668
 256326 649302 193277 332519 397334
 148409 161924 368417 723345  37679
 112551 285256 850780 781005 614196
 777583 704440 402597 127827 175763
 765411 270357 969769 161792  47726
 175737 690622 925483 859227 103760
 737048 689620  82078 188749 766185
  27381 971706 122091 940871 914665
 733318 420717 746181 175876 998636
 102400 289545 123159 451018 472319
 423102 750629 871856 724893 464051
 419811 850085 288751 606980 933130
 495940 609376 948639 972279 167746
 180427 583168 400815 741816 973278
 493063 369242 953846 589651 337079
 599416  95419 732179 613815 643486
 296164  25386 722143 813117 760630
 692733 997024  73762 271549 505153
 235715 477413 258278 983214 627489
 321509 176286  65472 855893 141783
 847831 703860 530275  94317 142683
 262290 397209 255915 630221 262361
 961285 924664 676644 664868 954027
  19741 846333 425339 973199 240004
 767256 821548 591402 495560 264901
 855523 182671 280155 375735 728378
 814098 472096 696173 796216 553273
 890822 492585   3456 689984 586739
 558552 320235  10582 457349  67540
 552201 993470 316008 341112 826427
 941821 693621 470492 759808 484112
 718685  52264 277462 184896  28217
 961819 385506  55245 393832 347585
 146073 520222 931832 671790 472077
 283371 943309 773971  97653 911219
 880379 838743 450356 637999 731594
 924932 142946  54981  95472 117706
 782353 960937  38291 954522 598700
  37966 435916 274676 547626 825164
 724779 604729 554818  36368 575935
 937842  72526 496021 751927 406737
 323348 625579 459052 649999 687715
 369803 452033 632115 347833 945478
 742537 239830 436640 645999 304583
 423173 449681 493309 135067 225731
 809297 837182 365720 903015 160224
 860779 603244 274361 799837 279989
 215370 683256 163688 310819 759956
 451033  28250 372188 232051  79233
 651871 166467 452347 446665 802042
 560772 551271 427836 619023 743929
 760933 449574  59522 387931 585346
 618584 437448 636769 371800 451601
 798761 900825 874616 146283 787857
 221403 922875 970281 675728 601147
 917025 579842 770279 509078 243651
 500062 692157 911350  18753 731621
  28181 506284 504753 930968  57702
 505563 121873 782442 648410 950128
 626349 991373 987320  45369 560323
 891388 329778 284567 373820 309180
  49534 879732  55520 898662   1340
   6829 718046 638965 509568 183128
 842011 580266 526145  76307  59847
 764554  72602 642424 755324 511165
 309437 854881 316830 729629 714393
 694645 737625 268690 139200 366551
  97822 991364 663834 914141 396131
 782034 661964 829971 310049 124201
 646166 266655 385284 233776 557440
 161799 243436 459663 378160 444434
 192551 689934  27471 485005 861274
 712856 940704 392815 474597 809663
 622336 654025 874889 663109 705023
 419102 332353 746421 206362 571635
 910012 503879 321288 385419 854764
 660713 778894 352002 839814 378988
  80751  13841 780439 139470 315296
  32818 876937 620174 238000 626333
 283372 167849 111644 716981 632025
 686030 711784 866301  54516 444655
 952108 884715 225007 680032 314562
 964644 723160 892402  67903 762799
 232556 615047 600928 405779 351594
 812930 861114 891690 264081 116010
 355071 763074 518110 873375 503241
 355598 690698 875216 365200 288124
 841187 106765 643082 219095 210496
 295143 414066 561349 115498 439083
 850408 427625 906021 606174 754058
 214303 473217 685108 998089 328415
 259135 689755 296171 940026 904218
 214692 376074 586365 927688 640894
 258722 961307 717416 599105 690361
 865677 945038 412017 281806 380978
 662795 934803 264723 478046 293854
  54518 896035 658548   8055 569651
  81856 857512 928931 492061 455124
 113111 981134 309480 693874 104755
 770173 892417 467668 752325  67626
 776951 562448 661344 651085 910692
  32224 662098 575232 947050 331631
  83494 417979 241540 311113 161936
 993234 803513 907797 719270 568506
 447183 899308 583739 119872 928426
 776950 381431  37758 413205 972902
  65427 595786 637852 222351 881339
 750902 216264 181779 264733 457252
 284956 421451 779569 586138 673633
 204102 211518  78116 974123 639601
 114234 537586 692855 641212 627805
 754310 983391 621592 425183 189314
 181081 275851 765591 696021 560189
 750792 306829 210188 359182 103776
 995148 195961 685371 719059 421544
 103364 577783 510916 705951 454640
 931432 156869 576751 615616 550794
 686492 710646 455252 141704 768836
 665091 429868 986051 839326 461014
 828323 144122  42904 966410 546326
 686034 221411 743858 335593 635905
 120982 375420  31035 221784 872648
 239310 873211  17369 944657 785758
 210309 789555 966920 383776 871048
 572381 285526 576429 992980 798622
 279071 125593 634571 626710 922698
 427636 222861  89734 751632 878324
 326298 295716 204877 631706 922152
  45814 871899 975733 786293 374585
 162558 581859  29220 343239 968796
 865038 528780 850400 417255   7971
 340508 508174 171409 827979 912859
  33843   1489 319408 351132 842249
 981736 753431 193343 337308 807516
  66210 144081 773337 951465 951016
  92151 871034  85657 464518 898047
 502638 555552 167905  29982 761346
 640845 913588 579864 957950 238699
 727033  98398 556354 839849 202123
 903098 173032 407828 243011 789236
  17803 535530 929520 532015 435651
 413325  71951 730242 941656 400882
 239584 915963 333728 823458 153538
 448624 266438 830986 898368 452526
 128135 934052 864958 654032 679193
 144653 650729 605556 652230 998574
 780848 666134 557107 136194 288371
 440410 385162 623773 906375 433532
 807154 938932 954309 899581 195858
 997089 943813 169664  71536 147425
 359886  87984 847985 757658 406246
 224875 616268 349212 380294  91600
 309924 753794 716500 248593 802074
 505067 240249 446094 167985 551094
 987370 274756 550416 584323 140701
 523483 637117 532472 120604  78063
   8271 208427 998740 568829 664726
 495551 934499 497453 409507 712314
  78699 867448 787758 861841 691210
 309993 301138 658288 397467 700585
 714486 975814 463217 992488 209346
 572255 515011 344001 884805 466427
   4218 310843 732013 288774 894592
 552236  79288 127331 983337 499605
 229941 613472 603601 901949 310310
 593569 944420 579047 557795  56970
 963837 202470 809942 705036 589932
 474200 136786 109783 239327 114471
 758325 269095 356528 602781 696583
 749576  34168 317499 962494 136385
 522326 258460 714987 179105 806209
 545951 826591 893357 539569 912750
 419850 168734 141368 635291 492204
  14499 421265 675770  19079 170820
 305875  52923 199289 935751 712012
 317693 859862 151041 492618 729375
 908035 631421 397244 260011 463472
 823569 209005 455927  14895 886444
 186530 328390 730106 403289   3719
 128737 398713 202683 632319 880501
 301555 236219 230057 403758 687592
 710172 944429 354993 245919 441974
 557065 809046 192176 322679 792522
 945889 649463 534658 375207 237378
 520790  53415 381015 528216 484096
 885504 407710 354101 277615 573838
 519794 632425 498418 984745 579959
 427281 785429 464602 566694   5221
 368685 535824 778029 438157 929677
 186108  90645 652454 370184 611096
 861875 722633 236370 982439  15198
 819386 628960 738173 358578 308146
 229792 426531 799641 598494 521415
 793931 193446 239047 188600 564204
 746664 330948 158670 328267 598797
 141563  60070 288738 949107 457549
 746537   8098   3354 727138 402807
 584557 486159 586630 618033 233493
 485361 189799  88169 514689 160477
 275349  13185 689845 309508 914256
 550871 617453 800096 813697 768353
 317602  40676 442609 974250  46924
 592197 337305  42045  57766 496338
 347688 109943 340004 802639 946156
 446445 381602 849634 524474 410066
 264809 123983 501893 679383 566394
 949668 830584 466055 381580 474138
  19823 560512  97214 974911 827422
 529120 151504 866877 346137 623230
  25232 650860 896594 154886 322118
 415717 123908 277397 497597 357987
 271562 227599 728540 186936 663077
 635936 161705 522067 257429 785720
 837618 615512 759723 743187  19992
  63416 564698 904986 505651 799738
 187604 323902 502961 764210 396057
 120057 235408 292123 252809 857506
 958964  66188  87470 951988 807664
 763837 200018 176014  92791 157050
 301747 482403   2286 124856 172070
  25831 318366 775286  47857 534360
 301244 719639 575726 693835 356857
 689645 169385 693179 878366 286899
 964827 984619 345534 825705 379404
 568664 734487 313755  87369 760827
 187855 211557 274479 519981 453337
 322412 392600 494537 898736 993325
 310420 825013 863859 128937 472188
 346422 692869 411909 348780 387374
 760300   3662 736875  67985 129775
 933246 653976 442521 219257 725007
 887416 257250  13629 594842 907527
  14491 676430  73037 633648 500899
 418652  12434  22001 126542 242858
 783308 465163 624359 343390 672284
 801683 208926 262454 343989 583932
  47780 758148 229923  52239 848380
 371263 957694 303407 225615 419434
 331944 979010 812227 820057 825819
 364222 943526 287175 579575 947093
 636227 403529 310326 232285  99561
 170859   6112  57473 515277 402298
 508725 103226 782698 353555 948557
 652002 597474 108567 418855 502937
 581791 731165 718244 201721 221499
 896278 862672 390507 296857 127270
 557540 437065 913771 785659 368812
 666203 977973 480425 667339 514594
 326217 312413 782673 647651 633515
 154706 773819 906391 991023 467856
 614185 108088 254376 503788 440475
 987108 220925 570318 725392 603560
 613077 516148 217576 282214 251223
 375213 802117 104215 295522 774303
  60772 394834 707766 924280 639268
 226205 417962 336306 622760 967861
 678554 699563 196515 791381 710025
 907760  13359 940633 673951 620705
 388832 350541 441151 732226 627900
 762383 389907 619419  54192 130181
 676661 999846  82531 468041 941479
 821375 794541 427740 828476 813862
 540162 250836 996371 882260 705149
 933916 193560 573447 339132 622445
 759592  69877 943900  74707 485529
 759208 673327  75963 837216 768826
 253740 523513 227019  64439  25720
 362343 792047 885064 478658 969246
 478118 832665 105988 268668 884585
 213293 607593 709198 127364 688200
 953486 852760 148520 459876 312888
 678306 242976 817653 948465 565148
 281880 337066 190842 184100 995400
 849909 353275 434093  19113 720188
 302217 380054 596033  69305 573985
 148165  52661 230082 841377 198482
 216803 192806 651827 283756 756903
 351627 411686 503026 699410 558934
 875694 511111 627406 896843 325032
 340105 164866 905227 584805 877415
 895038 699271 791718 380494 956782
 181335 152386 869118 617907 706202
 759483 371314 540594  84579 950511
 328227 545671 382604 822097 465426
    107 285254 938512 545361 480232
 382049 618677 475889 365871 275274
 776488 169497 907458 847968 851460
 959417 316198 878629 514964 841598
  59151 582213 116153 409371 350031
 829683 724166 429789 631164 661559
 556854  29749 635233 620618 596525
 289843 664259 310309  97286 145682
  48818 924863 946847 986205 740878
 592787 573620 779050 390173 770634
 476733 868392 821653 485529 520381
 512396 340049 546728 540994 856382
 343643  77093 109433 857407 565698
 303455 551844 371778 649810 819871
 396467 943106 746872 788105 877914
 350186 757199 940849 148335 801074
 797816 181461 486634 122667 464777
 705410  90845 365648 207487 367446
 289371 274607 682959 166610 390585
 761325 711159 113448 646936 580957
 516097 267516 969435 644960 636581
 368777  96184 485861 576223 158056
 378905 978225   5277 563599 515048
 137082 257540 231881 250171 217307
 869914 224412 431535 172548 366429
 263608 380823 250556 668786 545968
 522526 141380 560752 404150 366985
 351123  66024 258445 987958 829638
 660357 588718 300740  17371 443942
 767331 593292 737085 592397 890814
 606179 627045 542227 754779 807787
 108147 262050 870705 818660 627667
 514398 658019 528222 604172 730449
 827742 175966 244475 744094 874216
 422983 712333 638160 441663 715163
 479938 864415 138596 129176 823089
 507816 209317 336279 930443 880814
 510103 768193 840225 440785 932003
 629746 844421 961845 987375 553590
 270454 330019 670625 348384 630239
 203168 504480 153377 582047 123569
 335307 477976 295558  99159 341577
 450329 952992 866897 480491 502642
 662306 779678   6268 938588 819524
 548232 816232 172885 401532 801694
 341076 802594 469051 144670 649043
  60295 991847 871373 638918 912530
 159353 489299 828189 372958 108357
 646008 390526 975361 518711  82066
 111653 307883 511388 922750 593816
 370661 682409 556712 592564 678561
 361595 939323 873579 137167 397143
 548696 252362 763436 221579 196462
 887015 578234 470237 637078 714521
 601721 120457 796234 695986 882116
 740164 526471 769280 149103 925323
 296502 969947 802328 563470 127158
 627035 582943 954132 915837 888714
 840176 627352 349008 765037 367462
  23599  38131 995035 858693 249981
 704727 528432 458172 793421 914044
 669275 878678 966756 705176 321799
 144121 674492 158654 446850 868728
 822934  73266  12461 769004 658683
 811484 412412 688012 964776 301880
 549435 647987 865675 769950 120222
 581273 222645  89296 251375 154763
 344446 728733 849558 551196 319579
 209145 357557 333734 738131 772219
 114380 650442 919737 406841 811173
 999297 185773  13151 171603 469227
 156508 526761 875986 974946 807862
 660031 944632  49977 617626 332538
 109714 702690 840854 202128  83635
 151031 855264 678867 197106 191193
 222897 337987 997323 731872 654959
 110107 265542 885237 667965 534211
 466273 972420 295632 113913 578689
  62698 475502 125343 573360 515100
 122522 102235 214628 615178 421696
 974481 491456 457742 378576 546249
 206677 223640 383320 335802   8474
  53260 450502 988471 238819 458819
 335294 615876 534415  97800 971995
 864977 762423  91784 212891 222688
 481210 712388 135580 536042 289602
 543337 704132 959503 198906 418554
 822243 406510 701466 728937 177958
 942603 692355 192711 668746 533848
 738575 319387 861746 182981 741822
 305976 309147 974074 457753 456193
 343322 207253 847363 263067 976283
 212216 453204 708670 990619 993946
  29041 103046 742808 592613 386192
 955876   3468 824555 888396 857294
 279126 464407 332369   2061 417963
 487389 489173 547547 499191 448605
 681974 266427 625244 226625  62693
 284542 930687 730046 204336  60123
 522097 294155 744446 306987 684884
 994433 447487 890615 353060 396027
 295452 449999 274710 655276 207910
 845640 662878 923444 628073 203757
 195736 848056 670871  87663 922248
 631687 615194 852607 869395 754901
 354287 385769 735657  34364 553724
 708032  21190 241136 959502 163215
 356578 921253 830564  37342 883489
 920878 430577 260472 758046 755952
 560960 581203 109250 893571  63256
 715734 755402 456072 632660 371324
 835749 444306      0 214890 191287
 761433 330668 479832 379830 878896
 898643 139669 693566 781009 704157
 739854  27382 346690 418051 191183
 255570 572616 627921 816352 896682
 982287 171428 822328 883502 770502
 796578 472379 747627 804313 298802
 524033 547822 921160 241785 198348
 709279 897910  71081 937939   3415
 653449 699657 802995 331002 396575
 133082 492163 874602 487970 701792
 770984 126301 274663 334243  56454
 827771 587846 729267 296273 370799
 650157 316773 413308 289834 414238
 852938 728292 648048 484617 855668
 619246 706611 613293 755981 472576
 213312 683240 698609 492776 181985
 429673 111712 723412  44642 621398
 117082 780825 660028 104352 315290
 311101 533654 334151   6482 318355
 432236 637147 516883 894571 761533
 143602  47786  66146 759239 303559
  97044 991270 728157 445928 903907
 338322 692957 771119 326638 894503
 671386 744995 646495 638525 128397
 554430 174221 214929 672225 535737
 318665  26109 160587 477262 284915
 701667 251154 821087 893417 531903
 525094 129677  23273 723064 320354
 116810 284880  75968 268899 501470
 750439 806976  79727 457136 239109
 346200 675751  78163 634398  73965
 533158 843726 525375 200274 521231
 194193 812102 726189 319683 743671
 298551 826734 968044 291897  53285
 462647 124966 495802 456710 445369
 652126 902293 520085 262569 215754
 142652 715614 484848 848787  75374
 192099 385340 762472 906391 586666
 148297 254318 118309 769049 763520
 768516 576662 624828 657786  25710
 272501 597026 376699 165876 558453
 524655 675201 430771 609986 855788
 405543 990389 910855 239584 174204
 389364 874614 553387 521023 120380
 585655 462686 351307 340948 590725
 504971 465898 515050 733011 300178
 636270 325575 723624 602711 483070
 316052 587233 859942 889402 525083
  26334 373639 990567 772161 866218
 453073 595787 991423 556078 638883
 561355 946379 382616 743069 533782
 610637  65954 987428 671242 856057
 962615 165484 990497  26800 824768
 334069 288139 236262 814986 794487
 622419 169241 496656 236265 900441
  97020 163554 671243 618551 308024
 119690 239801 729426 918370 948010
 650532 673259  89902 947233 748848
 843929 880553 811224  80047  85659
 436653 363337 927675 707947 225622
 377999 155570 412635 492621 375499
 869333 358092 636711 676594 764378
 237419  77803    804 929448 816022
 393404 270042 243554 716498 966295
 850633 848169 955041 878488 822564
 307882 851231 208082 306542 866210
 838123 310351 922348 557516 216562
 726721 544037 532520 960639 907526
 885689 500965 492009 526621 536259
 277850 220364  10764 143769 957775
 249063  24687  49852 990971 284331
 616291 134144 694603 815667 665206
 391189 357486 946097 591026 203692
 364648 737908 372835 571919 943496
 902367 671331 852273 966293 427687
 851150 681213 718275 134703 820837
 297307 645279 382106 490575 610398
 358833 953841 519624 811168 129058
 638829 902265 984324 543341 682033
 292406 546207 137557   3561 387288
 878339 494758  34284 569452 762090
 190981 134341 408945 715946 172602
 417612   2212 109291 960516 978740
 577376 981158 121410 955138 572648
 660898 425285 962583 316213 708690
 319523 429119 611434 176543 560706
  23544 236325 105971  15097 646864
 963625  92495  28619 201099 670279
 175015 794631 650434 517804 664190
 995053 224628 178200 426912 624215
 378192 390106 522117 473596 661111
 614100 575924 117015 225393 683650
 498350 989315 885618  77028 755134
 204251  62787 735496 481048 492518
 292743 919555 547092 476123 781723
 822519 561721 416614 268155 454626
  50805 289168 769120 146403  96312
 533459  11842  47250 951455 726362
  91885  38998 138700 956301 218821
 763614 359808 576386 784639 639844
 254523 575606 558163 931827 262339
  24763  51563 842108 515377 618848
 717915 587567 837180 744714 105356
 948934 291012  43706 272005 640275
 418198 180137 680059 435064 528751
 190482 185545 151072 324500 119136
 755455 505726   2525 489113 833605
 516464 809568 182547 866886 888660
 534913 302140  95370 606697 576943
 368880  22923 791560 623548 960669
 690314  39008 805137 146804 864020
  43525 703911 333027 929743 364771
 190567 581079 521600 218874 188093
 886246 194697 400464 214029 138039
 185914 705113  94456 281780 113227
 669667 352331 778388  97178 576434
 801915 126257 837604 726532 958139
 647417 690344 686839  37625 530031
 320568  70699 109480 362712 827090
 590092   8403 755528 478730 642765
 597934 523576 791985 724922 307627
 427749 418922 605453 942859 454015
 878175 871254 519060 348971 755791
 235927 358661 801717 378739 191360
 803345 993110  16893 326483 935177
  78234 657772 512355 136011 485224
 460464 303060 658326 856682 117024
 225562 249496 487289 253123 311915
 763754 393740 208720 718677 668851
 414000 965819 430648 894757 352855
 622055 914082 316961 822511 838826
   8292 723455 683748   6801  18507
 792850 829708 137357 811232  26810
 519249 670826 305702 801449 798315
  10613 928170 912069 684768 796840
 389893 959358 987720 158328 348617
 998784 674996 135562  28023 925617
 341575 243948 851228 258590 654419
 485339 323567 333752 777372 450580
 564626 204293 708519 301126 314550
 240663 117096 424029 127110 497726
 591293 930419 137590 955496 199015
 104861 318571 470927 345906  32346
 794655 929725 320363 583104 726288
 126789 647450  62509 117508 434870
 435464 336868 348588 138782 926076
 776076 933819 622919 995629 693851
 733583 825495 704956 151666 361007
 749180 495861 311741 546219 470750
 596247 854980 453966 815496 219453
 859359  38250 955777 339531 863903
 856911 374966 579155 381387 185184
 977431  32719  27537 804342 755747
 181570 658687 330909  53406 687461
 296215 393800 612170 945241 565949
 521092 430967 931991 345150  39157
 174968 706922 775183 632492 915007
 334443 718818 878662 854069  12676
 215006  41508 435703 940601 348260
 902321 842794 224719  58339 856085
 175073 199690  55199 196123 641368
 292754 130463 302773 832388 295134
 252779 384207 126658 951112 706823
 303006 959252 239688 303373 799860
 293480 937924 412701 774077 756228
 266155 744348 769313 860742 883310
 946862 204812 936304 486276 897190
 909888 989468 446512 360518 894689
 939687  59480 219240 464960 841278
 261100 406869 864658 897525 853941
 404356  93144 258337  41475 249884
 594923 456907 915360  77775 793345
 503913 323925 535514 103111 218467
 767610  88923 227164 878144 287439
 285193 642464 551713 948481 180571
 171758 765763 958622  83351 534942
  31184  44086 868268 741111 380607
 720347 430479 638659 321096 735054
 245874 563852 979885 966165 355445
 383590 571043 771403 540361 625788
  26034 265486 432354 576485 367323
 380382 180311 725627 302181 752879
 993670 363595 899675 569336 391463
 799201 250763 479636 590418 987984
 545657 736713 183614 381330 852215
 342770 591426 531638 331427 790534
 881418 337567 157080 167792  77998
 903303 666990 170038 405579 500806
 981354 777973 537981 961208 600916
 897293 925439 761964 348446 742370
 869909 975638 136287 787353  48787
 529906 213224 604351 171695 845388
 478691 294676 724467  26278 155500
 565837 530461 607336 619891 210901
 403325 343011 978558 537206  20529
 651637 651827 942695 976352 362371
 188290 348314  10522 916843 274783
 684664 279450 986642 117375 170605
 680376 724370 293745 242920 426116
 979142 307480 443308 957155 797768
 921315  83459 593087 962624 947710
 527190 163837  86459 924173 144762
 448345   7852  46976 777379 314312
 575427 726560 562483 209538 606582
 233714 432858 680933 288438 556671
 831474 230434 544543 336117 775973
 169119 569750 987009 446540 997147
 346946 554020 506084 119596 127002
 712686 173274 112837 151365 928462
 886740 270227 967910 102009 706491
 928132 355780  62280 611475 399738
 590105 300916 694094 229505 913211
 806124 569714 857667 453841 316031
 958757 461083 958532 992298 699437
 176297 476394  15579 625152 319400
 105184 197775 839951 851026 494039
 828674 359967 831981 436530 272061
 382876 338346  93676 169054 327934
 859904 101293 309014   5086 378131
 643675 656399 865833 415762 722476
 182577   2419 672495 447838 682347
 834949 562719 794273 713314  43633
 605107  30205 630926 850261 207355
 732030 367614 278218 793822 466872
 833012 320527 439151 845478 409807
 675086 930020 371235 342106 306884
 288014 559941 921938 176102 625751
 906466 326250 262599 498827 664106
 639248 936200 997652 999718 899896
 616137 812711 512306 825370 201530
 695499  36556 462850 422236  12793
 611454 312408 980230 439242   7834
 931544 654780 421550 577869 305817
 423705  81872 728242 985999 411804
 279436 810164 599230 644042 906915
  89560 685740  18001 303149 179453
 256490 506771 178284  32373 198644
 506696 859278 668327 236129 999809
 198967 353469 845881 415775 263644
 572574 135743 442420 740472 166875
 884314 835163 452907 633208   5192
 197303 791007 714167 792094  91142
 683349 107918  44740 181862 291858
 939006 343457 451573  54494 638598
 146433 559907 922790 429538 191797
 724619 773274  43960 547485 209069
 862667 293630 198806 223771 687579
  92496 505069 252354 314347 636430
 756807 327856 858576 509681 421186
 768494  40628 803834 286395 305399
  28970 907363 631970 131531 305977
 205441 334441  61605  17283 737991
 431734 896615 271894 417424  25858
 653886   5479 190430 477635 623247
 290793 772902 222243 820540 180660
 474960 832372  34439 188901 166893
   9834 954908 513287  50013 213161
 376011 944843  76131 379517  73333
  90614 616011  49865 816010 334551
  60798 825429 497621 289960 989635
  90306   8630 916121 537164 822207
 681500 250340 395514 590103  84739
 181672 435255 893743 922068 833747
 385422 593332 307781 453622 807639
 702772 610650 290555  77693 286469
 112249 777591 383776 795034 154977
 755258 139282 244413 311567 156901
 249000 596509 648432 497366 116100
  28832 645880 744683 569940 594738
 518236 563052 716505 871169 429062
 910682 583341 710406 963737 282085
 219391  99218 164489 132015 285012
 906030 340528 130027 332236 354691
 791454 771318 480434 988610  75707
 472534 953020 800325 679711  72756
 727367 490377 773860 919815 953361
 263970 381653 891247 224493 929532
 425847 457158 197858 146728 638402
 855965 135828 595940 932213 155582
 114281 286300  81820 122286 904538
 673591  65349 269841 323467 752313
  75122 779756 267092 699087 266213
 753380 251778  27180 381686 146061
 158705  14584 703166 149864 976551
 519318   9882 681980 318527 974631
 516138 415551 684220 850585 599430
 665859 616885 208186  60147 315964
 560842  34886 881711 272025 617950
 683070 257031 608107 148324 382813
 980028 170240 939079 951562 282257
 604348 108313  96900 930685 878977
 392215 816588 247813 727325 614712
 379477 921497 314242 527371 368674
 456091 899826 706243 174709 402582
 798260 536241 281077 603567 151673
   6862 900116 830861 931323 890659
 834698 316311 135218 537080 209035
 727924  42219  67295 973495 836749
 757536 694075 874735 366760 154171
 312293 720005 122612 148315 980301
  13661 146301 274458 459978 211617
 678896 754827 815910 476476 369837
 726857 395539 571988 482267 805170
 901558  46996 909665 481126 547067
 848885 163438 158314 195075 752557
  56089 793895 850600  64281 325919
 729512 437561 908223 757806 983805
 425586 541404 730922 378351 840937
 311353 549368 995030 989657 813485
 440298 919098 184939 443220 848554
 891889 287565  41048 542938 214059
  13055 959432 908203 721430 501070
 743282 450693 114410 314195 733764
 109909 520387 246886 568084 471254
 611914 309494 618553 871778 157641
 941007 393150 558963  95903 813438
 309421 470364 562901 921441 536537
 292826 746281 810111 650687 610284
 818091 445812  65497 465139 387674
 438593 252216 222283 869626 571314
  94061 953153 430230 574380 651637
 680008 628791 570358 106003 358089
 465941 821804 771757 775249 819558
 887199  39293 278633 998213 460458
 792192 110754 154497 593822 425306
 158221 831531 198166 630972 687880
 711599 962722 991227 438561 175836
 627621 205552 854831 895397 130646
 588327 425348 458284 152330  91326
 274254 767355 288900 159215 815074
 136621 346728 238339 513881 350482
 527354 465101 355871 328102 369891
  13072 177254 101604 279360 438774
 138797  93347 413981 128176 460621
 844988  21589  22596 932293  44549
 929255 416991 922512 367151 208613
 808758 815321 636038 820498 657762
 614203 376067  12380 191695  58929
 344327 686582 816433 942500 779661
  20114 796095 353779 600381 554378
 240008 674849 651815 809661 927260
 944752   4928 627038 106501 553858
 207005 870357 940287 484773 576762
 694728 738123 585841  87107 478414
 136991  35146 240816 141212 850160
 820376 465733 658277 204081 121269
 262394 889596 939445 771558  57132
 363567 366008 918970 383573  15407
 595141 186220 488578 828438 784361
 751381 451686 469362 727415 338755
 749950 647316 811928 808673 457741
 167867 738730 411775 547689 422482
 558979 125608  59950 593066 408810
 725704 242089 255588 335966 963547
 734632 445316 835577 243325 798330
 326218 431725 105900 961574 537977
 551063 745596 238790 544130 440715
 137129 728490 412734 891159 956901
 784979 648705 963993 626991 103456
 729799 200738  41307 171060 680386
 464212 335165 628175 710487 308551
 570210 163032   2957 555120 759691
 977252 862416 340597 333074 836718
 383615 362371 545767 383585 701384
 381879 257901 711119 195781 251228
 686556 796819 449580 938452  96431
  18384 628842  36982  54638 557047
 878688 776610 114307 890052  98854
 838752 873021 924008 365963 159755
 729586 101187 168826 397505 419155
 997832 987505 398982 590678 174922
   2176 723228 723678 661316 552247
 168183 635952  60005 960301 131469
 327963 242878  83426 272811 634771
 177731 196000 278423 855829 336243
 985473 554605 905032  94284 981954
 878328 753039 150764 409062 860253
 778810 568638 701537 688087  96532
 802251 621715  94846 220414  70879
 794015 127143 302834 154666 844766
 168315 981905 644617 208544 422254
 868706 135158 259787 226358   5878
 764522 927612 964035  74710 326766
 494035 776192 151971 641379 526267
 866217 460611 124695 965753 742339
 597342 339342 331698 126754 537426
  44801   1100   1074 421017 940156
 398387 437692  59888 870791 183973
 825891 650849 224415 492165 372416
 393573 391620 506964 468414 468840
  99790 623926 740314 636242 487334
 101974  22876 632440 189292 778623
  94219  48448 723271 743235 816875
 603452 886401 418661 614007 342523
 135926 777578 580562 634889 383995
 586159 599741  39769 271442 853371
 816253 258487 701434 874937 447039
 658330 447139 292931 979494 489185
  90157 816102 596081 852019 111160
 358789  24382 873193 603547 596036
 291988 660198 833029 680890 230940
 804348 812545 839417 370798 536688
 260073 973457 496834 428000 247376
 813553 841694 698191 269473 991437
 964306 848766 653703  90081 617072
 377023 466215 255078 737815 940969
 500327 524285 487017 843595 428492
 543451 787408 457041 366664 789155
 653163 979462 926137 115264 180038
 476250 538412 882935 332006 906852
 458736 672888 740329 710238 431079
 570737  77231 446496 763952 994013
 791575 825679 234440 454104 768133
 443607  44845 813486 648880 482678
  94966 743377 251221 303720 469943
 949239 447043 968482 689552 955093
 414352   1917 895556 443055   3182
  40777 729161 540619 565521 122478
 607157 997540 638587 265074 761511
 161281  37586 871763 663996 197287
 803188 779591  40408 479817 282530
 280918 799987 343374 360527 557192
 609929 822476  10485 822106 219828
 793912 218036   5483 270718  79669
 695349 326384 329619 776292  13671
 474813 214318 964167 150565 780191
 231092 342909 957588 640096 982917
 998757 988039 801668 196195 160206
 222625 947128  17275 814834 360095
 697747 507392 768128 430898 870710
 633729 236018 836391 662258 778700
 243823 497439 395655  87797 799164
 798428 302547 588158 547695 312466
 185856 420807  43619 374949 653458
 868190 135863 423993 195131 313228
 442831 475311 624731 654515 947184
 847055 245162 883006 774465 367532
 429585 683521 788373 400393 802033
 396639 687208 230571 966405 562541
 984589 437746 773153 840648  15894
 921211 310110 978892 596852  83312
 550201 145909 807632   7634 914266
 991385 925471 435702 691123 280878
 705749 917466 135128 361720 799935
 371447 179350 158154 467215 437450
 834802 577263  86880 306864 980273
  69116 907043 157511 963165 505392
 477193 247319 609745  15028 771299
  71646 273546 487889 956008 817043
 301085  35293 567694 500777 565025
  46798 284365 827729 742571 446589
 627279 760891 877463  44494 458527
  47753 898044 140410 585543 888663
 893978 217041 316286 992156  95593
 680753 367947 491674 601826 506413
 532332 722074  10848 371704  73130
 778331 128114  85913 241994 539496
 518539 551952 651115 150227 129963
 198886 742409 506942 517630 112779
 463899 140292 949648 858414 838816
 493693 182814 568318 841226 262465
 582237  82104 595914 636690 425208
 213925 568314 528566 244090  93213
 400100 787227 822206 369017 855955
 931087 441990 612835 803733 920499
 492906 721967 605994 850754 470217
 310610  67558 202231 786884  53388
 491939 863601 612926 357157 737819
 307257 425697  40321 555587 266419
 466313 724835 269947 623814 792990
 443841 451511  93879 291245 676262
 811777 438545 690632 152820 163280
 834856 983336  16495 736354 696071
 342811 101150 160913 386735 669258
 639309 518800 439059 725958 543704
 790767 828551 580458 681735 232575
 928767 593936 227440 497943 237768
 917883 368286 547098 962283 754013
 749955 343242 926063 183672 179159
 779875 724993 152845 336213 648897
 329922 932746 545065 307208 934514
  23349 239660 662216  72184  20571
 678326 595209 187901  17861 289752
 617664 889934 554055 244677  79276
 842115 461872 682360 176234 891031
 183453 495188 609024 967305 595185
 471587 698454 884877 828527 409499
 617401 560869  25382 621945 739990
 534501 159146 471325 968617 306197
 863005 308188 123857 503183 282637
 712931 913338 592348 332637 510311
 532835 723416 868867 161521 185577
  45438 378294 288810  13034 257370
 142590 789203 202884 956611 182459
 410255 473773 812323 449570 401410
 906025 194726 951345  20275 598441
 406335 589063 853758 821427 414322
 734921 900158 106605 603992 829774
 413315 654466 880340 656870  38725
  74354 442522 579294 878848 472059
 467931 930116 525490 240724 431459
 237717  37216 185436 594553 275404
 648524 930404 372584 546007 878669
 991899 390274 287794 700556 901722
 435814 187430 480866 300442 181728
 868870 862788 819865  56644 137721
 944055 233246 821702 811932 992977
 295869   9711 207935 164878 119511
  90787 410698 875982 640317   6377
 922816 327852  65773 724793 135610
 299627 821368 437912 440399 143549
 931831 703534 528525 687277 505037
 581190 993518 947524  97969 164299
 534495 560057 314281 945597 228907
 907534 679241 364206 917838 360790
 175957 127238 479217 645229 981193
 323616 418585 620460 705110 516134
 622643 224295  84703 717182 926726
 517404   6932 688646 168126 498082
 268988 738677 651871 568767 823471
  22044 983304 645520 289501 628261
 467300 792927 207332  83409 418813
 329007 409680  86391 215232 229526
 405102 479154 152063  12362  65780
 897048 896559 320466 320452  15906
 721906 803438 805049 881314 750823
 173109 561770 885277 965472 149771
 197837 975131 320976 458599 833004
 598604 198664 370249  62732 935242
 451899 455127  86741 253476 614413
  69899 155907  55648 684145 943118
 588268 256897 671729 287898  65634
 432593 797114 255705 717178 751321
 628121 274814 518665 785351 760462
 335310 452978 600137 808107 403422
 540913 935900 464306  59776 252659
 981969 824484 491422 568466 393023
 578969 967765 192370 508578 577786
 814961 311652 279548 752781 408055
 743648 555221 814695 105338 929015
 898162 159151  77423  14090 530726
 660457 720831 370980 188340 438818
 654063 909823 211826 527821 842305
 639887 552766 335701 396648 907761
 449154 889079 265560 398775 806775
 794067 883951 753154 139125 527141
  72821 531601 383278 634976 634872
 177924 691444 960974 598648 994515
 211133 506466 306614 284982 768854
 786793 569165 326465 630469 719375
 595925 923370 267769 858202 562508
 660254 618988 972204  75294 282173
  97516 857415 892935 177045 507528
 283323 386342 748119 620047 549997
 123223  14210 236025 384170 503979
 935118 911453 375956  62183 179079
 875233  19819 246306 591973 177770
 427124 761480 150082 776504 817250
  72981 527232 733343 376044 271764
 739847   2316 925765 750437 756195
 969312 997084 858376 188032 646562
 884998 911495 317390 905846 964461
 539525 724099  91271 520019  96322
  19137 756832 155031 670267 462378
 444343 382808 463141 695093 782513
 680807 208365  31513 890762 754839
 200478 664409 232241 141576 122992
 106477 318834 817090 615630 293832
 533763 998740 541119 442264 768047
 366031 574974 730984  72970 151769
 714472 728947 941551 705345 399397
 638260 942157 115162 215774 246907
 887346 821273 830605  21353  21301
 755389 456244 351939 605094  95251
 383651 158368 908968 441966 514545
 128988 295944 657339 793703 260115
 458077 113857 433981 234107 508956
 403338 618584 688622 329766 530508
 350690 122193 343675 533132 133812
 932208 416315 480630  19391 526327
 271864 936891 574700 791955 813566
 660738  86561  26155 300976 252011
 499624 613552 992493 231368 537008
 111773 645823 980401 862219   5058
 865882 802033 830820 570514  51493
 776565 201497  56424 818825 277013
 683044 196023 469968 874363 955092
 430286 448885 724311 684328 828767
 741675 388154 109444 782702 917451
 424734 858617 517080 543009  46775
 434326 357872 865693 603812 518722
 400060 703643 246829 901025 249951
 950737 498435 728263 907682  55865
 357805 474526 857410 521166 175762
 868021 867292 893760 311320  82009
 829703 500134 866195 385566 336366
 559647 609237  64693 906411 343466
 309488 664215 112701 744563 201422
 613611 178374 400601 586116 934848
 143171 707135  24881 625499 873422
 552469 348878 795902 356883  50313
 411297 694251 282057 563818 105317
 112571 325103 108369 117797 604559
 796287 911049 602844 242964 469323
 155510 326702  12670 445162  15102
 790724 888049 439747 182057 186167
 792782 449472 986072 502042 185487
 637668 361901 338809 819237 387483
 645333 753995 209904 934636  97364
 115869 730163 254432  99883 669263
 999050  22250 703486 221153 117091
 548233 623795 314829 876600 592655
 615636 624333 569030 557145 855707
 720536 729587    193 159766 935059
 399581 615273 598405 935611 196129
 699369  50454 132305   9673 330516
  12258  14388 643793  77619 317657
 504820 212095 936431 773448 477641
 184228 719682 874026 225283 924266
 487678 500430 996797  71874   8240
 420410 402578 726781 171353 477871
 854728 778419 101255 261136 983417
 611216 141894 828227 157133 879636
 685862  98918  37425 225319 798843
 211369 860038 508771 168927 213856
 812510   4803 575198 242131   3113
 675867 920836 441202 270012 588091
 552790 449647 186015 333027 229701
 493740  51812 536482 288293 481860
  40401 958478 127684 251809  47114
 660253 572175 390230 972150 723511
 285511 579758  38818 168305 289851
 224716 789834 229206  12757 237195
 174160 296668 510329 335490 116450
 307573 844409 999640  77938 711244
 295866 177756 397063 847803 941270
 812548 436475 244225 157979 610088
 270858 726569 423327 533410 549527
 710004 174129 270876 615033 377212
 264606 323444 944898 913460 291733
 931625 941424 237227 820098 797388
  56719 588751 431649 279082 907887
 580820 979939 545850 421516   5809
 181251 333639 335858  57170 994021
 946269 988691 542746 597654  23693
 926865 301831 590294 137955 811841
 578283 790551 834791 446936 518445
 354504 109871 754983  39487 440009
  97151 575260 185972 988571 961588
 308898 690105 874856 479644 244850
 797022 590220 619051 611194 158820
 274199 796896 872507 243498 958778
 983419 320662 104054 843735 148257
 831060 382030 483488 343473  64418
 122368  89697  87960 552375  19745
 923691 104018 150573 864069 617012
 440054 479903 694326 633643 984807
 256071 670401 335702 555072 203500
 812818 569851 189952  97563 376424
 533522 553417 755036 662015 835288
 808468 269333 235547 608210  62079
 179033 842345 307812 251832 602713
 887543 495800 863138 547659 412140
 206347 793174  41491 426130 602433
 749515 878058 116692 851303  61047
 207321 940168 450714 841812 347410
 848334 923603 919767 107700  40047
 515408 856290 692479 353578 396458
 844205 576320 687598 127364 147947
 476942 449584 402400 467889 545010
 354186 757913 687089 453244 276899
 346497 606847 577767 593791 573835
 195455 391322 363663 810013 409562
  33505 627644  44234 920746 135503
 171451 289835 904181 506243 226543
 958154  71255  53508  95428 245254
 365707 855844 572078 284885 229975
 108658 333623 543783 566856 975653
 215188 669993 365801 273707 393655
 457248 374370 419082 597049 135475
 731878 882651 651687 425337 279576
 224656 964859 187691 923764 524284
 481361 914840 160968 745071 938539
  38036 593405 570362 722016 132410
 276268 495109 543089 998309 102218
 593110 675214 240995 819151 884879
 859265 136025 983546 531100 123554
 379602 267187  97243 555701 335574
 170927 186753  56486 372322 829510
 449634 957824 761686 656769 808514
 557571 237504 599825 786484 671018
 632102 945641  13567 487946 476631
  53965 982183 892956 346020 997646
 934825 186871 292237   5064 106467
 218562 123904 530757 842543 803434
 804501 765837 283258 808021 613145
 996090 882960 244026   9586 799601
 764000 618724 545907 986572 832301
 286866 307436 888862 743783 448174
 192726 154584 509717  85810 328810
 959213 759261 442225 146675 533396
 745966 816463 622980 622160 837584
 968125 175838 657733 345201 723930
 295150 770748 182996 318792 912803
  21298 746881 630040 893728 554423
 446939 712876 187808 347229 384145
 701181 172404  92970 138025 681174
 180871 278900  97454 654510 983224
 819028 650681 287506 279499 348670
 867528 407586 286340 896186 886611
 385364 527927 485040 162132 447186
 925649 243971 681266 873183 765095
 801368  56411 983992 871040 220831
 793573 387001 669899 879540 454402
 243071 986130 551542 805695  46680
 183431  54853 365205 211141 219237
 901279 728632 832348 886754 461662
 815239 521246 614971 142625 859814
  46903 610050 681802 535476 439439
 211255   2740 556929 100248 737788
 849778  48582 949450  61321 919988
 585201 475860 252999 853880 353872
    965 125818 866660 375200 721881
  19333 556535 185091 172531 927060
 160556  92289 573416 401640 616098
 198010 408576 237064 786560 748137
 343714  20314 326384 430021 713761
 199788 239679 414681  78701 766311
 891890 117323 523171 308005 198664
 174325 882967 366287 458684 216825
 598956 164523 523409 697345  18530
 926483 733547 460956 371997 305757
 735018 860238 468247 961534 614197
 325727 991896 883733 863333 100574
 331900  43618  20252  79664 471390
 107641 309798  83860 774946 869054
 564953 282926 469721 982194 190754
 443257 680413 176202 685877 143058
 637018 996284 772460 350214 332503
 975157 289642 561897 852317 552621
 855768 108443 527743 383816 127261
 269553 494041 278885 776329 342793
 955906 616122 266224 546494 987260
 593379 126698 468835 905060 220534
 900534  59714 602436  89888 701184
 958680 532049   2745 665402 816018
 433646 307263 463437 665202 619436
 934583 488893 399654  22446 491177
 986536 893206 879081 380451 194366
 934339 561628 508882 562856 315562
 294670 793125 989023 380247  43297
 484748 769023 942965 984071 341824
 812499 344631 868035 649406 358732
 111712  24182 797320 147468 410232
 189194 598660 804008  89511 262048
 238440 826139 495866 123221 288571
 796633 290031 578630 759851 536244
 994637 127123 868815 352608 841886
 242998  68487 703890 908766 496870
 584402 747507 723142 417183 776217
 618702 306462 945622 224752 371927
  62014 837066 306826 712075  27971
 696544 148060 123276 704996 267534
 505272 888178 471110 524953 141528
  87612 485683 516353  14371 635503
 490524  44128  18547 180196 729010
 424867 263740 816098 216578 585609
 571011  64794 373713 281653 533559
  82409   7696 993734 431099 464906
 944454  99682 931528 627551 575705
 143218  30591 821549 585203 444807
 858380 611038 944451  67102 874242
 788039 861212   1054 155413 524847
 422576  74337 406632 416950 826444
 514405 132970 167066 605358 569106
 288281 791865 970948 983982  54645
 359871 305210 658033 947430 734515
 906263 723703 323888 138407 435435
 708761 401446  97899 118839 745797
  18090 667665 612011 253195 582683
  79795 286188 388889 448477 550665
  73444 485004 977626 429964 234777
 957037 915814 845094 434291 429340
 394519 109906  55491 677440 762601
 718273 778329 837711 858916 629129
 375495  13374 890542 447521  97957
 618509 488233 956176 266953 276358
 261037 981416  37674 521014 932878
 515093 710186 178146 789789 348079
 849608 938731 961953 161194  51517
 295372 834390 125144  13121 168973
 544915 922413 445077 976722 540102
 259289 287495    558 574252 339033
 765035 168128 767226 255105 882548
 925365 237812 877098 525563 438487
 125418 133858  44771 190778 565531
 528682 296651 671692 976739 355884
 401761 153973 618452 130386 764898
 218950 295038 467034 868459 125783
 728697 610945 884216 122525  50271
 354775 478869 428696 716202 992005
 656104 316144 441902 234108 460683
 601627 149226 529958 862311 662844
 620228 139727 887856 247848 365062
  98607 637689 222999 101666 997783
 161924 579006 897553 437845 448278
 287689 808122 607608 140359 140436
 773436 630973 842475 483929  12082
 914559 818677  96346 146187 907280
 738088 700350 551849 382127 240323
 101527 778015 810709  99260 476727
 532807 771884 856771 630711 374483
 936899 835733 374956 976557 350861
 470984  39843 169900 139007 888336
 349027 393378 461442 669008 677253
 490380  37622 116051 271039 329948
 132037 450138 545030 305860 956031
 648506 634761 435962  11615 831769
 171783  71660 615065 548239 469434
 468869 269750  63334 530200 171948
 237121  77971 582806 268940 219801
 163224 608172 686679 324946 565428
 313213 486341 138487 314209 364123
 421642 444317 291537 560338 258934
 840758 461598 549037 408403 980751
 290241 830100 506929 957664 818996
 927463 911510 623971    436 960768
 161608 506333 154214 605385 246990
 171913 157797  86617 812317 111342
 354180 414064 537139 623760 293317
 505687 851521 887634 563241 511390
 218404 189370 292248 250118 211476
 925355 330334 904920 623362 426501
 782842 500430 607742 465503 285680
 731278 849322 321235 940526 943220
 418228 860767 852768 153916 361404
 504345 660265 283316 960933  57741
 115201 860584 527920  36671  89072
 995059 661884 610088 864497 658241
 199125 947262 877065 970922 448606
 471805 958667 794727  68267 815803
 676871 948875 735385 982597 522686
 394826 724040   8621 351580 146453
 109395 238924  24434 584685 125764
 414198 562204  43881 302999 291369
 267425 190802 290571 104047 296417
  68588 749849 839588 809433 767034
 583339 141034 754468 720995 705475
 299166 587048 889768 276760  58456
 636758  49782   9262 576515 497035
 111045 194398 460011 954033 324036
 757233 379248 997330 694578 917746
 334803 403627 654573 336524 451841
  81965 786566 291331 300076 915495
 396238 683536 784869 795126  86146
  71693  65985   9513 513471 688734
 820132 249653 590358 475089 596434
 949277 529757 828148 590517 223652
 684585 953630 237785 462743 106172
 974857 514004 947308 989113 571820
 699637 931835 367012 191384 567651
 873412 508489 403334  74402 593448
 276196 506145 413050 391745 726770
 157225 486491 935842 818329 619594
 321005 990153 937717 980702 649147
 815854 880840 745337  69747 435300
 771215 982341 657956 543318 763178
 237394 951419 994175 586390 966823
 761365 336744 147872 370848 210223
 655753 364954 948761 664792 262129
  52622 719479 373548 925442 542358
 974813 790115 636127 108519   3630
 894902  76457 814955 934189  40319
 680825 905297  71061 123974  96226
 908188 512342 665374 343134 260957
  70425 700926 634500 448503 192750
 284385 722645 458105 616779 644099
 143940 803907 398941 222403 848033
 612089 169750 189690 693052  14362
 144852 933926 668431 339669 458989
 124689 753008 993599 107578 973383
 225528 991121 250238 789337 552322
 655302 222098 179989 926412 380317
 970158  69856 617309 338431  65080
 590933 770034  66205 496151  59691
 751884 762358  93844 460179 640007
 920320 529730 213354 887419 825899
 329023 528814 485307 574679 523133
 466659  14991 962865 224543 267543
 962264 255199  93895 678360 113238
 688134  45231 520200 332685 851960
 243969 845061 925395 161157 820058
 686904 979635 867612 866273 150331
 661758 166793 826334 110997 476546
 802607 306048 244373 536186 852670
  99004 760970 311702 197353 812207
 397512 136251 550037 248644 682176
 310663 255582 679010 421842 362318
 513382 587490 617716 222048 594582
 582467 414591 999418 482283 996984
 731687 151468 469052 737038 872791
 735301 432697 321292 687696 303553
 618094 902698 607072  38636 722259
 593247 439454  84263  55565 928216
 674216 151361 567596 689823 450787
 168457 226870 672849 864961 404775
 992530 811318 136687 475266 591864
 733133 794023 308528 951493 776590
  94856 621860 298607 833599 359717
  43826 238224 992718 823195 678461
 466492 616562 978942 738294 105442
 371507 845335 743249 727273 313707
 628633 475261  99914 761038 162617
 570307 593451 113395 839890 541817
 132837 899405 269584 325656 175915
  50229 689295 332804 874209 647217
 264738 786228 297312 807549 285619
 359800 186404 233916 140205 885743
 754729 763271 891764 501901 573035
 862795  28631 670070 472429 808504
 296616 601040 651483 472604 354494
 724338 928730 470599 375971 360839
 657848 653946 542847 539242 615455
 917669 458378 556746 721726 736417
  32122 794160 632508 414441 445101
 317465 494858 502593 550625 367070
 929148 545344  55140 363114 248529
 188691 948840 560453 624469 268437
 325423 143257 237033 604837 469626
 685207 616471  25964  37742 346131
 505774 384886 137749 202737 145206
 640942 630876 318519 702434 737569
 398572 761711 162249 363910 706724
 671041 494641 166902 785701  57933
 221725 244264 934393 432378 191677
 856745 974895 727443 383095 450866
 339188 365340  85858 151052 473848
 509293 249033 943827 792397 534302
 373279 823079 325186 252188 218040
   8551 608381 692324 789977 119265
 453026  51827 579826 501279 727942
 409238 465026 783794 772729 676321
 201617 324161 393118 187485 293241
 766861 710941 131896 232893 549040
 737549 686954 314790 349153 580048
 743867 330683 808068 153448 440962
 965008 529474 201493 731655 548220
  91552 929976 711912 216430  27017
 118997 836136 345899  93473 567527
 739905 722949 820538 714250 432830
 988348  26001 984313 304374  56121
 272950 306301 836520  60146 452364
 830015 354565 341084 587032 433808
 160836 209510 577150 122373 343634
 226547  15179 223819  23268 980795
  77867 353460 945628 591749 604569
 222753 159227 622344 345333 881973
 540895 390038  16034 945237 691102
 201943 529984 788924 833434  61200
 471648  40734 892401 886866 799499
  68225 233205 893527 262649 405370
 433666 255894 794554 636185 866569
 731319 537166 435600 766091 649088
 356750  81971 915423 440781 493394
 536499 222400 755162 742221 958326
 589116 634895  51290 218961 174238
 278764 287883 714274 474892 421391
 540483 257265 518840 106191 475260
 126914 325165 326400 847354 813514
 307914 618116  55496 357394 362881
 166257 356759 655649 172327 627610
 234842 456453 685757 150473 251414
 283200 771947 918913 837020 344473
 281321 762891 639175 626661 455322
 578287 271214 176724 755310 593406
 460773 748520 167254 661596 371030
 726477 960691 923047 911906 909126
 523383 883413 499476 845144 612062
 900931 853191 419516 842757 532319
 274472 286129 879526 201721 304379
 106685  64841 576860 709358 405246
 256922 716165 199510 121754  44304
  46859 920141  10612 952457 114744
 198898 210937 463045 605765 145169
 761805   3898 752195 813137 104431
 170639 271701 602134 472302 696099
 141335 797229 258991 625105 169055
 896941  81867 381790  87392 120321
 232067 533768 348125  18093 765091
 105562 124670 871517 197544 760909
   8173 288119 421079 833176 297618
 709640 866983 139882 774571 156679
  74214 203040 946930 451687 565117
 897579  43278 689149 817339 247082
 479712  74099 273509  15686 318712
 642676  95317 451805 655058  12608
 252057 534541 336040 516585 426844
 164862 468737 198449 632329 123181
 508589 736747 952893 934734 267532
 317922 940307 292440 322421 396472
 776469 174245 843297 173176 125372
